4454498
4456990
4873067
4904855
4906211
4907167
4947240
5155005
5174543
5175556
5325042
5343148
5405123
5410968
5469121
5577202
5648608
5651227
5651240
5655779
5681726
5681734
5695071
5762881
5762895
5769839
5769864
5820418
5834817
5851602
5884347
5884349
5884355
5884363
5884365
5935145
5936726
5945028
5947537
5993745
6000448
6020405
6026715
6055367
6057149
6114597
6150734
6150858
6229317
6239931
6241103
6249396
6268166
6277297
6277578
6286992
6340687
6349444
6419932
6508084
6525716
6639296
6724467
6765373
6766256
6827258
6833677
6836708
6855560
6857939
6868190
6873773
7008422
7049285
7096400
7106419
7140548
7155376
7160468
7249943
7264299
7317400
7339627
7401710
7450168
7465519
7473735
7493570
7496641
7512718
7627603
7767801
7897971
7938529
7944512
7956344
7956845
7964198
8017721
8063009
8081075
8101258
8149846
8166598
8194419
8199677
8199920
8220775
8334721
8339527
8539302
8563336
8649590
8733495
8791557
8953881
9197768
9380001
9602371
9606563
9606893
9699469
9831229
10171329
10650960
10661431
10687864
10689033
10694921
10720819
10728572
10730582
10730649
10730690
10765015
10775771
10776368
10782223
10825770
10834801
10860710
10879729
10902169
10909269
10995428
10999659
11004325
11051891
11077803
11079144
11079278
11114673
11119942
11125124
11202193
11228044
11239632
11239635
11243371
11245229
11291896
11293371
11331649
11388608
11461979
11464925
11485486
11486837
11487395
11487555
11488133
11488523
11509956
11510305
11530623
11551673
11649837
11655352
11655695
11663145
11665874
11667870
11669100
11670297
11683173
11688172
11688344
11772130
11772381
11774040
11817233
11822738
11822905
11894773
11895010
11896360
11918192
11947224
11971616
11971688
11987403
11992526
12000216
12001808
12013706
12033772
12044890
12055715
12056204
12132826
12135251
